1 3 5 7 9 11 13 15 17 19 21 23 25 27 29 31 34 36 38 40 42 44 46 48 50 52 54 56 58 60 62 64 66 68 70 72 74:475:56 -8 18 12 -12 45 -8 -3 6 -21 3 -5 -3 18 -40 30 30 -1 6 77 5 7 -7 -21 45 -30 8 -20 -6 40 -3 4 -4 -56 10 48 7
1 3 5 7 9 12 13 15 17 19 21 23 25 27 29 31 34 36 38 40 42 44 46 48 50 52 54 56 58 60 62 64 66 68 70 72 74:505:49 -16 18 24 -6 18 -7 -24 30 -27 6 -5 -5 16 -40 15 18 -6 -5 99 7 10 -8 28 40 -54 10 -4 -4 20 -7 28 -32 35 8 18 8
1 3 5 7 9 12 13 16 17 19 21 23 25 27 29 31 34 36 38 40 42 44 46 48 50 52 54 56 58 60 62 64 66 68 70 72 74:408:14 -12 -21 15 -4 -20 -3 -18 15 -9 2 -25 -7 6 -40 21 48 -6 7 77 8 3 -2 35 15 6 2 -12 1 16 -4 4 -16 42 14 48 9
1 3 5 7 9 11 13 15 17 20 21 23 25 27 29 31 34 36 38 40 42 44 47 48 50 52 54 56 58 60 62 64 66 68 70 72 74:414:70 -20 -24 24 -12 15 -8 -27 27 6 2 -25 -8 6 -8 18 48 -4 -8 11 1 7 9 -70 25 -54 9 -40 -3 36 1 40 -24 35 20 -60 4
1 3 5 7 9 11 13 15 17 19 21 23 25 27 29 31 34 36 38 40 42 44 46 48 51 52 54 56 58 60 62 64 66 68 70 72 74:270:35 -20 -30 9 -14 5 -4 -6 3 -21 10 -20 5 6 -20 27 6 -2 8 44 -5 3 -9 -42 8 24 3 -28 5 12 3 40 -12 -21 4 -12 10
1 3 5 7 9 11 13 15 17 19 21 23 25 27 29 31 34 36 38 40 42 44 46 48 51 52 54 56 58 60 63 64 66 68 70 72 74:515:63 -36 3 9 -12 45 -5 -21 9 -9 8 -45 7 14 -12 24 30 -9 5 33 9 1 -8 -63 8 42 1 -12 10 24 -12 12 -12 70 20 60 8
1 3 5 7 9 11 13 15 17 20 21 23 25 27 29 31 34 36 38 40 42 44 47 48 51 52 54 56 58 60 62 64 66 68 70 72 74:402:7 -28 12 30 -18 5 -9 18 21 6 6 -50 3 20 -24 9 12 -3 -9 77 -3 8 9 35 6 -30 5 -4 10 4 1 20 -32 63 6 -48 9
1 3 5 7 9 12 13 15 17 19 21 24 25 27 29 31 34 36 38 40 42 44 46 48 50 52 54 56 58 60 62 64 66 68 70 72 74:458:49 -24 18 15 -16 -12 -5 -3 3 -3 6 16 -3 16 -28 12 6 -6 -2 55 -2 6 -6 56 35 30 7 -8 -3 36 9 16 -12 -70 4 54 9
1 3 5 7 9 11 13 15 17 19 21 24 25 27 29 31 34 36 38 40 42 44 46 48 50 52 54 56 58 60 62 65 66 68 70 72 74:446:56 -32 12 6 -14 30 -6 -3 12 -18 6 20 -7 10 -8 3 54 -2 -8 66 2 6 -8 35 40 -24 1 -4 2 28 -9 27 -4 -42 10 18 2
1 3 5 7 9 11 13 16 17 19 21 24 25 27 29 31 34 36 38 40 42 44 46 48 50 52 54 56 58 60 62 64 66 68 70 72 74:440:49 -20 18 18 -20 30 -2 -21 9 -21 8 12 1 18 -28 30 12 -7 -4 99 7 9 -10 7 25 -24 1 -8 -1 24 -4 24 -36 -21 12 24 3
1 3 5 7 9 12 13 16 17 19 21 24 25 27 29 31 34 36 38 40 42 44 46 48 50 52 54 56 58 60 62 64 66 68 70 72 74:353:63 -24 -30 30 -16 16 -6 -3 3 -3 10 10 3 8 -4 6 24 -4 6 55 -3 3 -3 35 5 -18 10 -8 -10 4 3 40 -28 -35 18 -54 1
1 3 5 7 9 11 13 15 17 20 21 24 25 27 29 31 34 36 38 40 42 44 47 48 50 52 54 56 58 60 62 64 66 68 70 72 74:548:49 -16 -30 21 -2 35 -5 6 21 8 4 12 -10 20 -28 12 54 -5 7 99 8 8 21 28 35 -54 7 -4 4 36 7 28 -4 -28 10 -12 8
1 3 5 7 9 11 13 15 17 20 21 24 25 27 29 31 34 36 38 40 42 44 47 48 50 52 54 56 58 60 62 65 66 68 70 72 74:337:7 -12 3 6 -6 10 -3 -3 3 7 5 2 -5 16 -28 15 30 -2 -6 33 7 9 15 -35 35 54 5 -28 -10 8 -8 6 -40 35 18 -42 8
1 3 5 7 9 11 13 15 17 20 21 24 25 27 29 31 34 36 38 40 43 44 47 48 50 52 54 56 58 60 62 65 66 68 70 72 74:404:70 -8 15 15 -6 20 -5 9 24 10 4 12 7 18 -36 24 24 -9 -3 11 -30 5 3 -42 50 -12 10 -12 1 40 -2 3 -8 14 10 -18 5
1 3 5 7 9 12 13 15 17 20 21 24 25 27 29 31 34 36 38 40 42 44 47 48 50 52 54 56 58 60 62 65 66 68 70 72 74:478:28 -16 27 15 -20 2 -2 30 9 5 8 16 -7 18 -20 18 6 -9 -10 44 6 5 3 14 30 48 8 -36 10 40 -9 -30 -32 21 18 42 7
1 3 5 7 9 12 13 15 17 19 21 24 25 27 29 31 34 36 38 40 42 44 46 48 51 52 54 56 58 60 62 64 66 68 70 72 74:326:35 -8 -3 30 -8 -8 -4 3 3 -24 10 12 1 12 -24 12 54 -3 -9 55 9 9 -3 -49 10 -42 6 -40 8 20 1 8 -28 -21 14 6 8
1 3 5 7 9 11 13 15 17 19 21 24 25 27 29 31 34 36 38 40 42 44 46 48 51 52 54 56 58 60 62 65 66 68 70 72 74:386:49 -16 -21 18 -2 30 -10 -18 30 -3 7 12 7 12 -40 15 60 -4 -3 22 -8 9 -2 -49 8 36 2 -12 -8 16 6 9 -20 21 8 6 3
1 3 5 7 9 12 13 16 17 19 21 24 25 27 29 31 34 36 38 40 42 44 46 48 51 52 54 56 58 60 62 64 66 68 70 72 74:358:28 -4 15 12 -20 8 -3 -12 30 -18 4 6 9 8 -24 30 30 -1 -4 77 -8 9 -8 -70 20 -30 2 -32 -3 32 -2 4 -8 28 2 -12 4
1 3 5 7 9 11 13 15 17 20 21 24 25 27 29 31 34 36 38 40 42 44 47 48 51 52 54 56 58 60 62 64 66 68 70 72 74:441:49 -40 -12 3 -14 5 -2 -18 24 10 10 8 -4 14 -32 15 6 -6 -6 55 -4 5 18 49 4 36 8 -24 -10 40 -7 16 -4 7 6 48 5
